total=940 blocking=308 missing=0 errors=0 elapsed=10.69s
chapters_with_blocking:
61
62
63
64
65
66
67
68
69
72
73
82
83
84
86
87
88
90
93
94
96
97
98
99
101
102
103
104
106
107
108
109
111
112
113
114
115
116
117
118
119
120
121
122
123
124
126
127
128
129
132
133
136
138
139
140
141
142
143
144
145
147
148
149
150
151
152
153
155
156
162
163
164
165
166
167
168
169
170
172
173
174
178
180
181
187
188
189
190
191
197
201
203
211
213
215
216
217
218
220
221
222
224
225
226
227
229
230
234
235
240
241
242
243
244
245
246
247
248
249
250
251
252
253
254
255
256
257
258
259
260
261
262
264
266
267
268
269
270
275
278
281
282
283
285
286
287
288
289
290
291
292
293
294
295
296
297
298
299
300
301
302
303
304
305
306
307
308
309
310
311
312
313
314
315
316
317
318
319
320
321
322
323
324
325
326
327
328
329
330
331
332
333
334
335
336
338
339
340
341
342
343
344
346
348
349
350
351
352
353
354
355
356
357
358
359
360
361
362
363
365
366
368
369
370
371
372
373
374
375
376
377
378
379
380
381
382
383
384
387
395
396
397
402
410
413
415
421
443
463
471
486
487
495
504
507
511
516
524
525
534
535
536
542
544
548
552
564
588
597
603
605
606
607
610
620
623
624
625
627
628
632
642
646
648
659
667
669
671
672
673
676
677
678
679
689
695
697
716
725
729
731
741
744
745
746
749
750
